00
00
00
00
00
00
00
00
00
00
00
00
00
00
00
00
00
00
00
00
00
00
00
00
00
00
00
00
00
00
00
00
00
00
00
00
00
00
00
00
00
00
00
00
00
00
00
00
00
00
00
00
00
00
00
00
00
00
00
00
00
00
00
00
00
00
00
00
00
00
00
00
00
00
00
00
00
00
00
00
00
00
00
00
00
00
00
00
00
00
00
00
00
00
00
00
00
00
00
00
00
00
00
00
00
00
00
00
00
00
00
00
00
00
00
00
00
00
00
00
00
00
00
00
00
00
00
00
00
00
00
00
00
00
00
00
00
00
00
00
00
00
00
00
00
00
00
00
00
00
00
00
00
00
00
00
00
00
00
00
00
00
00
00
00
00
00
00
00
00
00
00
00
00
00
00
00
00
00
00
00
00
00
00
00
00
00
00
00
00
00
00
00
00
00
00
00
00
00
00
00
00
00
00
00
7A
A9
4F
00
00
00
00
00
00
00
00
00
00
00
00
00
00
00
00
00
00
00
00
00
00
00
00
00
C5
FF
73
00
00
00
00
00
00
00
00
00
00
00
00
00
00
00
00
00
00
00
00
00
00
00
00
00
CD
FF
74
2F
41
5C
7C
9C
C0
86
00
00
00
00
00
00
00
00
00
00
00
00
00
19
3B
5A
79
98
F2
FF
EF
F9
FF
FF
FF
FF
FA
BA
00
00
00
00
00
00
00
00
00
00
00
00
00
AB
FF
FF
FF
FF
FF
FF
E4
C2
A7
8D
6F
50
32
13
00
00
00
00
00
00
00
00
00
00
00
00
00
6B
AE
89
67
47
E4
FD
54
09
00
00
00
00
00
00
00
00
00
00
00
00
00
00
00
00
00
00
00
00
00
00
00
00
DA
FF
51
0C
0D
0D
08
00
00
00
00
00
00
00
00
00
00
00
00
00
00
00
00
00
00
00
0A
50
EA
FF
FA
F7
F7
E8
CB
91
40
00
00
00
00
00
00
00
00
00
00
00
00
00
00
00
00
4C
C8
FF
FF
FE
E1
D3
D3
FB
FF
FF
FA
9C
15
00
00
00
00
00
00
00
00
00
00
00
00
03
7C
FB
FF
9B
E6
FD
52
00
1B
EE
FB
90
C8
FF
C1
16
00
00
00
00
00
00
00
00
00
00
00
76
FF
EF
56
00
CA
FF
66
00
73
FF
D9
0A
18
C6
FF
93
01
00
00
00
00
00
00
00
00
00
36
F2
FB
5A
00
00
B9
FF
73
08
CC
FF
7E
00
00
41
FC
E6
23
00
00
00
00
00
00
00
00
00
95
FF
A7
02
00
00
A3
FF
81
53
FF
E5
1E
00
00
11
D6
FF
43
00
00
00
00
00
00
00
00
05
D4
FE
58
00
00
00
89
FF
BC
D6
FF
70
00
00
00
0E
CB
FF
47
00
00
00
00
00
00
00
00
07
E8
F9
3F
00
00
00
69
FF
FF
FF
AD
07
00
00
00
26
F4
EF
2E
00
00
00
00
00
00
00
00
04
CF
FF
6B
00
00
00
6A
FF
FF
BB
19
00
00
00
00
98
FF
B6
07
00
00
00
00
00
00
00
00
00
77
FF
E7
67
4B
9B
F3
FF
FF
69
00
00
00
05
7D
FD
F4
3E
00
00
00
00
00
00
00
00
00
00
0F
A7
FE
FF
FF
FF
D4
D3
F7
83
00
00
29
A8
FF
FA
69
00
00
00
00
00
00
00
00
00
00
00
00
05
53
8A
88
5B
0E
3B
40
05
03
77
EC
FF
F1
67
00
00
00
00
00
00
00
00
00
00
00
00
00
00
00
00
00
00
00
00
00
00
02
74
F2
BA
3A
00
00
00
00
00
00
00
00
00
00
00
00
00
00
00
00
00
00
00
00
00
00
00
00
06
3E
07
00
00
00
00
00
00
00
00
00
00
00
