00
00
00
00
00
00
00
00
00
00
00
00
00
00
00
00
00
00
00
00
00
00
00
00
00
00
00
00
00
00
00
00
00
00
00
00
00
00
00
00
00
00
00
00
00
00
00
00
00
00
00
00
00
00
00
00
00
00
00
00
00
00
00
00
00
00
00
00
00
00
00
00
00
00
00
00
00
00
00
00
00
00
00
00
00
00
00
00
00
00
00
00
00
00
00
00
00
00
00
00
00
00
00
00
00
00
00
00
00
00
00
00
00
00
00
00
00
00
00
00
00
00
00
00
00
00
00
00
00
00
00
00
00
00
00
00
00
00
00
00
00
00
00
00
00
00
00
00
00
00
00
00
00
00
00
00
00
00
00
00
00
00
00
00
00
00
00
00
00
00
00
00
00
00
00
00
00
00
00
00
00
00
00
00
00
00
00
00
00
00
00
00
00
00
00
00
00
00
00
00
00
00
00
44
69
21
0D
03
00
00
00
00
00
00
00
00
00
00
00
00
00
00
00
00
00
00
00
00
00
00
00
99
FF
FD
D0
AC
92
85
7D
7A
2F
00
00
00
00
00
00
00
00
00
00
00
00
00
00
00
00
00
00
2B
74
B0
D3
EB
FC
FF
FF
FF
4C
00
00
00
00
00
00
00
00
00
00
00
00
00
00
00
00
00
00
00
00
00
0A
25
37
47
50
4D
0E
00
00
00
00
00
00
00
00
00
00
00
00
00
00
00
00
00
00
00
00
00
00
00
00
00
00
00
00
08
00
00
00
00
00
00
00
00
00
00
00
00
00
00
26
33
2C
2A
2B
2E
32
3B
4B
62
7E
A1
CF
92
00
00
00
00
00
00
00
00
00
00
00
00
00
00
A2
FF
FE
F8
F7
F9
FC
FF
FD
FF
FF
FF
FF
A5
00
00
00
00
00
00
00
00
00
00
00
00
00
00
46
9E
93
88
7C
6E
5B
50
AE
FE
FF
FF
BD
24
00
00
00
00
00
00
00
00
00
00
00
00
00
00
00
00
00
00
00
00
0C
99
F9
FF
FE
9C
0F
00
00
00
00
00
00
00
00
00
00
00
00
00
00
00
00
00
00
00
00
24
C2
FF
FF
F9
7A
03
00
00
00
00
00
00
00
00
00
00
00
00
00
00
00
00
00
00
00
00
30
D2
FF
FF
E1
51
00
00
00
00
00
00
00
00
00
00
00
00
00
00
00
00
00
00
00
00
00
3E
E0
FF
FF
FF
E2
57
00
00
00
00
00
00
00
00
00
00
00
00
00
00
00
00
00
00
00
00
41
E5
FF
FF
FF
FE
FF
F6
31
00
00
00
00
00
00
00
00
00
00
00
00
00
00
00
00
00
00
43
E6
FF
FF
B3
3F
30
DB
FF
65
00
00
00
00
00
00
00
00
00
00
00
00
00
00
00
00
00
41
EA
FF
FD
90
0A
00
00
BD
FF
69
00
00
00
00
00
00
00
00
00
00
00
00
00
00
00
00
34
E3
FF
F9
77
00
00
00
00
C7
FF
5B
00
00
00
00
00
00
00
00
00
00
00
00
00
00
00
2B
DB
FF
F2
62
00
00
00
00
00
D0
FF
6F
00
00
00
00
00
03
01
00
00
00
00
00
00
00
00
39
E5
EC
51
00
00
00
00
00
00
A5
FF
EC
B4
A9
AA
AF
B6
BA
2C
00
00
00
00
00
00
00
00
00
31
3E
00
00
00
00
00
00
00
23
A8
E6
FF
FF
FF
FF
FF
FA
41
00
00
00
00
00
00
00
00
00
00
00
00
00
00
00
00
00
00
00
03
1D
29
2E
2D
2B
27
24
0A
00
00
00
00
00
00
00
00
00
00
00
00
00
00
00
00
00
00
00
00
00
00
00
00
00
00
00
00
00
00
00
00
00
00
