00
00
00
00
00
00
00
00
00
00
00
00
00
00
00
00
00
00
00
00
00
00
00
00
00
00
00
00
00
00
00
00
00
00
00
00
00
00
00
00
00
00
00
00
00
00
00
00
00
00
00
00
00
00
00
00
00
00
00
00
00
00
00
00
00
00
00
00
00
00
00
00
00
00
00
00
00
00
00
00
00
00
00
00
00
00
00
00
00
00
00
00
00
00
00
00
00
00
00
00
00
00
00
00
00
00
00
00
00
00
00
00
00
00
00
00
00
00
00
00
00
00
00
00
00
00
00
00
00
00
00
00
00
00
00
00
00
00
00
00
00
00
00
00
00
00
00
00
00
00
00
00
00
00
00
00
00
00
00
00
00
00
00
00
00
00
00
00
00
00
00
00
00
00
00
00
00
00
00
00
00
00
00
00
00
00
00
00
00
00
00
00
00
00
00
00
00
00
00
05
11
04
00
00
00
00
00
00
00
00
00
00
00
00
00
00
00
00
00
00
00
00
00
00
00
00
00
2E
CD
A7
0F
00
00
00
00
00
00
00
00
01
35
35
00
00
00
00
00
00
00
00
00
00
00
00
00
3C
FC
EF
17
00
00
00
00
00
00
00
00
7C
F0
BE
08
00
00
00
00
00
00
00
00
00
00
00
00
48
FF
D4
10
00
00
00
00
00
00
00
00
45
FC
F9
41
00
00
00
00
00
00
00
00
00
00
00
00
4E
FF
C7
0D
00
00
00
00
00
00
00
00
06
B2
FF
9D
00
00
00
00
00
00
00
00
00
00
00
00
53
FF
BF
0A
00
00
00
00
00
00
00
00
00
4E
FE
E6
1B
00
00
00
00
00
00
00
00
00
00
00
55
FF
BC
09
00
00
00
00
00
00
00
00
00
08
D1
FE
62
00
00
00
00
00
00
00
00
00
00
00
50
FF
BF
0A
00
00
00
00
00
00
00
00
00
00
7D
FF
A7
03
00
00
00
00
00
00
00
00
00
00
49
FF
CA
0D
00
00
00
00
00
00
00
00
00
00
3B
F6
E8
17
00
00
00
00
00
00
00
00
00
00
3A
F8
DF
13
00
00
00
00
00
00
00
00
00
00
0F
D3
FF
44
00
00
00
00
00
00
00
00
00
00
24
E5
F9
1E
00
00
00
00
00
00
00
00
00
00
00
AB
FF
7D
00
00
00
00
00
00
00
00
00
00
0B
CE
FF
43
00
00
00
00
00
00
00
00
00
00
00
79
FF
AC
00
00
00
00
00
00
00
00
00
00
00
A3
FF
7C
00
00
00
00
00
33
25
00
00
00
00
52
FF
CB
09
00
00
00
00
00
00
00
00
00
00
60
FF
B8
04
00
00
00
00
B4
E9
4F
00
00
00
38
FB
BD
13
00
00
00
00
00
00
00
00
00
00
1F
EB
EC
2A
00
00
00
2A
EE
FC
40
00
00
00
0C
3D
1D
02
00
00
00
00
00
00
00
00
00
00
03
A2
FF
79
00
00
00
85
FF
A8
01
00
00
00
00
00
00
00
00
00
00
00
00
00
00
00
00
00
00
41
F9
E3
1D
00
27
EB
EF
32
00
00
00
00
00
00
00
00
00
00
00
00
00
00
00
00
00
00
00
00
A1
FF
AE
35
B9
FF
7D
00
00
00
00
00
00
00
00
00
00
00
00
00
00
00
00
00
00
00
00
00
1C
CD
FF
FF
FF
A5
0B
00
00
00
00
00
00
00
00
00
00
00
00
00
00
00
00
00
00
00
00
00
00
1E
92
C0
75
0B
00
00
00
00
00
00
00
00
00
00
00
00
00
00
00
00
00
00
00
00
00
00
00
00
00
00
00
00
00
00
00
00
00
00
00
00
00
00
00
00
00
00
00
00
