00
00
00
00
00
00
00
00
00
00
00
00
00
00
00
00
00
00
00
00
00
00
00
00
00
00
00
00
00
00
00
00
00
00
00
00
00
00
00
00
00
00
00
00
00
00
00
00
00
00
00
00
00
00
00
00
00
00
00
00
00
00
00
00
00
00
00
00
00
00
00
00
00
00
00
00
00
00
00
00
00
00
00
00
00
00
00
00
00
00
00
00
00
00
00
00
00
00
00
00
00
00
00
00
00
00
00
00
00
00
00
00
00
00
00
00
00
00
00
00
00
00
00
00
00
00
00
00
00
00
00
00
00
00
00
00
00
00
00
00
00
00
00
00
00
00
00
00
00
00
00
00
00
00
00
00
00
00
00
00
00
00
00
00
00
00
00
00
00
00
00
00
00
00
00
35
4C
22
00
00
00
00
00
00
00
00
00
00
00
00
00
00
00
00
00
00
00
00
00
00
00
00
00
BC
FF
77
00
00
00
00
00
00
00
00
00
00
00
00
00
00
00
00
00
00
00
00
00
00
00
00
00
B4
FF
72
00
00
00
00
00
34
35
00
00
00
00
00
00
00
00
00
00
00
00
00
00
00
00
00
00
B4
FF
70
00
00
00
00
64
EF
F0
6C
04
00
00
00
00
00
00
00
00
00
00
00
00
00
00
00
00
B4
FF
7B
1E
4E
7D
25
4B
CC
FF
FF
91
06
00
00
00
00
00
00
00
00
00
00
03
5F
72
7E
92
E5
FF
F8
FE
FF
FF
53
00
12
95
FF
FF
A1
0F
00
00
00
00
00
00
00
00
00
02
C2
FF
FF
F1
F8
FF
D9
A1
7F
54
15
00
00
02
80
FE
FF
62
00
00
00
00
00
00
00
00
00
00
33
56
41
2A
BD
FF
6D
00
00
00
00
00
00
00
04
94
77
0C
00
00
00
00
00
00
00
00
00
00
00
00
00
00
B1
FF
75
27
4E
5C
5B
4D
2E
03
00
00
00
00
00
00
00
00
00
00
00
00
00
00
00
00
00
0A
BE
FF
E7
EC
FF
FF
FF
FF
F0
C8
69
0C
00
00
00
00
00
00
00
00
00
00
00
00
00
00
42
BF
FD
FF
F5
BA
89
75
74
8A
BC
FC
FF
B6
1B
00
00
00
00
00
00
00
00
00
00
00
00
69
F6
F9
EF
FF
7C
06
00
00
00
00
07
34
BF
FF
B3
07
00
00
00
00
00
00
00
00
00
00
57
F9
E9
42
B5
FF
70
00
00
00
00
00
00
00
1E
DC
FF
4E
00
00
00
00
00
00
00
00
00
19
E2
F9
51
00
B3
FF
72
00
00
00
00
00
00
00
00
95
FF
94
00
00
00
00
00
00
00
00
00
68
FF
BE
00
00
B4
FF
72
00
00
00
00
00
00
00
00
76
FF
AD
00
00
00
00
00
00
00
00
00
8E
FF
93
00
00
B4
FF
72
00
00
01
0E
00
00
00
00
89
FF
A5
00
00
00
00
00
00
00
00
00
7A
FF
B7
00
00
B4
FF
71
00
2C
A4
BF
07
00
00
06
C4
FF
74
00
00
00
00
00
00
00
00
00
2F
F3
F4
49
02
C4
FF
5D
00
34
F9
FF
67
00
05
75
FD
EC
23
00
00
00
00
00
00
00
00
00
00
7A
FF
ED
BB
F8
F4
27
00
00
8A
FF
F8
B6
BE
FF
FA
67
00
00
00
00
00
00
00
00
00
00
00
01
71
DF
FF
EB
6C
00
00
00
09
82
E2
FF
FF
C9
5B
00
00
00
00
00
00
00
00
00
00
00
00
00
00
19
2C
20
00
00
00
00
00
00
1B
2C
29
0F
00
00
00
00
00
00
00
00
00
00
00
00
00
00
00
00
00
00
00
00
00
00
00
00
00
00
00
00
00
00
00
00
00
00
00
00
00
00
