00
00
00
00
00
00
00
00
00
00
00
00
00
00
00
00
00
00
00
00
00
00
00
00
00
00
00
00
00
00
00
00
00
00
00
00
00
00
00
00
00
00
00
00
00
00
00
00
00
00
00
00
00
00
00
00
00
00
00
00
00
00
00
00
00
00
00
00
00
00
00
00
00
00
00
00
00
00
00
00
00
00
00
00
00
00
00
00
00
00
00
00
00
00
00
00
00
00
00
00
00
00
00
00
00
00
00
00
00
00
00
00
00
00
00
00
00
00
00
00
00
00
00
00
00
00
00
00
00
00
00
00
00
00
00
00
00
00
00
00
00
00
00
00
00
00
00
00
00
00
00
00
00
00
00
00
00
00
00
00
00
00
00
00
00
00
00
00
00
00
00
00
00
00
00
00
00
00
00
00
00
00
00
00
00
00
00
00
00
00
00
00
00
00
00
00
00
00
00
00
00
00
07
10
00
00
00
00
00
00
00
00
00
00
00
00
00
00
00
00
00
00
00
00
00
00
00
00
00
00
72
D6
8D
60
3A
21
0E
04
00
00
00
00
00
00
00
00
00
00
00
00
00
00
00
00
00
00
00
00
9A
ED
FF
FF
FA
EE
E5
E0
DD
DB
4B
00
00
00
00
00
00
00
00
00
00
00
00
00
00
00
00
00
09
2B
4D
70
99
B4
CB
DD
E8
DA
2D
00
00
00
00
00
00
00
00
00
00
00
00
00
00
00
00
00
00
00
00
00
00
00
00
00
01
03
00
00
00
00
00
00
00
00
00
00
00
00
00
00
00
00
00
00
00
00
00
0B
1F
2D
34
33
28
0D
00
00
00
00
00
00
00
00
00
00
00
00
00
00
00
00
00
00
10
52
97
C4
E9
FF
FF
FF
F9
C9
75
0C
00
00
00
00
00
00
00
00
00
00
00
00
00
00
2E
88
E1
FF
FF
F3
CA
AF
A1
A2
C0
FD
FF
BC
19
00
00
00
00
00
00
00
00
00
00
00
1E
97
EB
FF
F1
AF
56
26
0E
00
00
00
09
40
D2
FF
A8
04
00
00
00
00
00
00
00
00
00
00
3A
F3
FF
9D
33
00
00
00
00
00
00
00
00
00
34
F3
F7
39
00
00
00
00
00
00
00
00
00
00
00
4B
4B
00
00
00
00
00
00
00
00
00
00
00
00
BE
FF
6A
00
00
00
00
00
00
00
00
00
00
00
00
00
00
00
00
00
00
00
00
00
00
00
00
00
A4
FF
75
00
00
00
00
00
00
00
00
00
00
00
00
00
00
00
00
00
00
00
00
00
00
00
00
00
C6
FF
5C
00
00
00
00
00
00
00
00
00
00
00
00
00
00
00
00
00
00
00
00
00
00
00
00
3D
F7
E9
20
00
00
00
00
00
00
00
00
00
00
00
00
00
00
00
00
00
00
00
00
00
00
00
1C
CA
FF
87
00
00
00
00
00
00
00
00
00
00
00
00
00
00
00
00
00
00
00
00
00
00
00
2A
C4
FF
C0
13
00
00
00
00
00
00
00
00
00
00
00
00
00
00
00
00
00
00
00
00
00
23
76
E9
FF
BC
1F
00
00
00
00
00
00
00
00
00
00
00
00
00
00
00
00
07
1F
30
4D
79
AE
EA
FF
ED
80
0F
00
00
00
00
00
00
00
00
00
00
00
00
00
00
00
00
00
20
DF
FF
FF
FF
FF
CA
7D
24
00
00
00
00
00
00
00
00
00
00
00
00
00
00
00
00
00
00
00
00
72
BB
98
65
2F
0E
00
00
00
00
00
00
00
00
00
00
00
00
00
00
00
00
00
00
00
00
00
00
00
00
00
00
00
00
00
00
00
00
00
00
00
00
00
00
00
00
00
00
00
